weather003_006  sys          1         34      73.53      17.65       2.94       8.82      29.41     100.00
weather010_010  sys          1         33      66.67      18.18       0.00      15.15      33.33     100.00
weather017_004  sys          1         35      74.29      17.14       0.00       8.57      25.71     100.00
weather020_003  sys          1         17      70.59      23.53       0.00       5.88      29.41     100.00
weather021_002  sys          1         23      69.57      21.74       0.00       8.70      30.43     100.00
weather022_001  sys          1         17      58.82      23.53       0.00      17.65      41.18     100.00
weather023_001  sys          1         10      70.00       0.00       0.00      30.00      30.00     100.00
weather024_003  sys          1         13      69.23      23.08       0.00       7.69      30.77     100.00
weather025_002  sys          1         36      61.11      36.11       0.00       2.78      38.89     100.00
weather025_014  sys          1          4      50.00      25.00       0.00      25.00      50.00     100.00
weather030_004  sys          1         21      66.67      23.81       0.00       9.52      33.33     100.00
weather030_016  sys          1         30      73.33      10.00       0.00      16.67      26.67     100.00
weather031_005  sys          1         31      67.74      22.58       0.00       9.68      32.26     100.00
weather031_016  sys          1         34      70.59      20.59       2.94       8.82      32.35     100.00
weather031_022  sys          1         42      52.38      16.67       0.00      30.95      47.62     100.00
weather031_028  sys          1         55      72.73      14.55       0.00      12.73      27.27     100.00
weather032_017  sys          1         15      60.00      20.00       0.00      20.00      40.00     100.00
weather032_019  sys          1         74      67.57      20.27       0.00      12.16      32.43     100.00
weather032_020  sys          1         19      73.68      15.79       0.00      10.53      26.32     100.00
weather032_021  sys          1         72      73.61      13.89       0.00      12.50      26.39     100.00
weather032_026  sys          1        155      73.55      16.13       0.65      10.32      27.10     100.00
weather032_028  sys          1         86      67.44      26.74       0.00       5.81      32.56     100.00
weather032_029  sys          1          4      50.00      25.00       0.00      25.00      50.00     100.00
weather032_030  sys          1          7      42.86      28.57       0.00      28.57      57.14     100.00
weather032_031  sys          1         15      66.67      13.33       0.00      20.00      33.33     100.00
weather032_035  sys          1         45      68.89      20.00       0.00      11.11      31.11     100.00
weather037_003  sys          1         28      71.43      25.00       0.00       3.57      28.57     100.00
weather037_014  sys          1         14      71.43      14.29       0.00      14.29      28.57     100.00
weather038_005  sys          1         34      73.53       8.82       0.00      17.65      26.47     100.00
weather039_003  sys          1         26      73.08      19.23       0.00       7.69      26.92     100.00
weather039_006  sys          1         62      64.52       9.68       0.00      25.81      35.48     100.00
weather039_007  sys          1         15      73.33      20.00       0.00       6.67      26.67     100.00
weather040_009  sys          1         18      72.22      16.67       0.00      11.11      27.78     100.00
weather042_002  sys          1         23      69.57       8.70       0.00      21.74      30.43     100.00
weather042_009  sys          1         18      66.67      27.78       0.00       5.56      33.33     100.00
weather043_001  sys          1         14      71.43      21.43       0.00       7.14      28.57     100.00
weather043_002  sys          1         18      72.22      27.78       0.00       0.00      27.78     100.00
weather043_006  sys          1         18      72.22       5.56       0.00      22.22      27.78     100.00
weather044_004  sys          1         26      61.54      26.92       0.00      11.54      38.46     100.00
weather046_003  sys          1         21      71.43      19.05       0.00       9.52      28.57     100.00
weather046_006  sys          1         52      71.15      21.15       0.00       7.69      28.85     100.00
weather050_006  sys          1         47      72.34      19.15       0.00       8.51      27.66     100.00
weather050_007  sys          1         47      72.34      23.40       4.26       4.26      31.91     100.00
weather050_011  sys          1         39      74.36      15.38       0.00      10.26      25.64     100.00
